Clemente 0.400   0.314     8142     0.352 
Robinson 0.378   0.303     7542     0.306 
Munson   0.178   0.256       86     0.302 
Scott    0.222   0.250     2065     0.296 
Howard 0.356   0.275     4826     0.283 
Campaneris 0.200   0.264     3210     0.279 
Spencer  0.311   0.246     2244     0.276 
Berry    0.311   0.244      454     0.274 
Swoboda  0.244   0.281     5658     0.267 
Kessinger 0.289   0.248     2753     0.266 
Rodriguez 0.222   0.255     2281     0.261 
Williams 0.222   0.257     1216     0.258 
Unser    0.222   0.271      888     0.251 
Johnstone 0.333   0.255     1139     0.238 
Santo    0.244   0.244     1967     0.233 
Petrocelli 0.222   0.234      291     0.225 
Alvarado 0.267   0.118       51     0.224 
Alvis    0.156   0.249     3514     0.183 
